$ ./a.out 500
COSMIC(1) = 1, 3, 5, 4.
COSMIC(2) = 2, 3, 5, 4.
COSMIC(3) = 3, 5, 4.
COSMIC(4) = 4.
COSMIC(5) = 5, 4.
COSMIC(6) = 6, 3, 5, 4.
COSMIC(7) = 7, 5, 4.
COSMIC(8) = 8, 5, 4.
COSMIC(9) = 9, 4.
COSMIC(10) = 10, 3, 5, 4.
COSMIC(11) = 11, 6, 3, 5, 4.
COSMIC(12) = 12, 6, 3, 5, 4.
COSMIC(13) = 13, 8, 5, 4.
COSMIC(14) = 14, 8, 5, 4.
COSMIC(15) = 15, 7, 5, 4.
COSMIC(16) = 16, 7, 5, 4.
COSMIC(17) = 17, 9, 4.
COSMIC(18) = 18, 8, 5, 4.
COSMIC(19) = 19, 8, 5, 4.
COSMIC(20) = 20, 6, 3, 5, 4.
COSMIC(21) = 21, 9, 4.
COSMIC(22) = 22, 9, 4.
COSMIC(23) = 23, 11, 6, 3, 5, 4.
COSMIC(24) = 24, 10, 3, 5, 4.
COSMIC(25) = 25, 10, 3, 5, 4.
COSMIC(26) = 26, 9, 4.
COSMIC(27) = 27, 11, 6, 3, 5, 4.
COSMIC(28) = 28, 11, 6, 3, 5, 4.
COSMIC(29) = 29, 10, 3, 5, 4.
COSMIC(30) = 30, 6, 3, 5, 4.
COSMIC(31) = 31, 9, 4.
COSMIC(32) = 32, 9, 4.
COSMIC(33) = 33, 11, 6, 3, 5, 4.
COSMIC(34) = 34, 10, 3, 5, 4.
COSMIC(35) = 35, 10, 3, 5, 4.
COSMIC(36) = 36, 9, 4.
COSMIC(37) = 37, 11, 6, 3, 5, 4.
COSMIC(38) = 38, 11, 6, 3, 5, 4.
COSMIC(39) = 39, 10, 3, 5, 4.
COSMIC(40) = 40, 5, 4.
COSMIC(41) = 41, 8, 5, 4.
COSMIC(42) = 42, 8, 5, 4.
COSMIC(43) = 43, 10, 3, 5, 4.
COSMIC(44) = 44, 9, 4.
COSMIC(45) = 45, 9, 4.
COSMIC(46) = 46, 8, 5, 4.
COSMIC(47) = 47, 10, 3, 5, 4.
COSMIC(48) = 48, 10, 3, 5, 4.
COSMIC(49) = 49, 9, 4.
COSMIC(50) = 50, 5, 4.
COSMIC(51) = 51, 8, 5, 4.
COSMIC(52) = 52, 8, 5, 4.
COSMIC(53) = 53, 10, 3, 5, 4.
COSMIC(54) = 54, 9, 4.
COSMIC(55) = 55, 9, 4.
COSMIC(56) = 56, 8, 5, 4.
COSMIC(57) = 57, 10, 3, 5, 4.
COSMIC(58) = 58, 10, 3, 5, 4.
COSMIC(59) = 59, 9, 4.
COSMIC(60) = 60, 5, 4.
COSMIC(61) = 61, 8, 5, 4.
COSMIC(62) = 62, 8, 5, 4.
COSMIC(63) = 63, 10, 3, 5, 4.
COSMIC(64) = 64, 9, 4.
COSMIC(65) = 65, 9, 4.
COSMIC(66) = 66, 8, 5, 4.
COSMIC(67) = 67, 10, 3, 5, 4.
COSMIC(68) = 68, 10, 3, 5, 4.
COSMIC(69) = 69, 9, 4.
COSMIC(70) = 70, 7, 5, 4.
COSMIC(71) = 71, 10, 3, 5, 4.
COSMIC(72) = 72, 10, 3, 5, 4.
COSMIC(73) = 73, 12, 6, 3, 5, 4.
COSMIC(74) = 74, 11, 6, 3, 5, 4.
COSMIC(75) = 75, 11, 6, 3, 5, 4.
COSMIC(76) = 76, 10, 3, 5, 4.
COSMIC(77) = 77, 12, 6, 3, 5, 4.
COSMIC(78) = 78, 12, 6, 3, 5, 4.
COSMIC(79) = 79, 11, 6, 3, 5, 4.
COSMIC(80) = 80, 6, 3, 5, 4.
COSMIC(81) = 81, 9, 4.
COSMIC(82) = 82, 9, 4.
COSMIC(83) = 83, 11, 6, 3, 5, 4.
COSMIC(84) = 84, 10, 3, 5, 4.
COSMIC(85) = 85, 10, 3, 5, 4.
COSMIC(86) = 86, 9, 4.
COSMIC(87) = 87, 11, 6, 3, 5, 4.
COSMIC(88) = 88, 11, 6, 3, 5, 4.
COSMIC(89) = 89, 10, 3, 5, 4.
COSMIC(90) = 90, 6, 3, 5, 4.
COSMIC(91) = 91, 9, 4.
COSMIC(92) = 92, 9, 4.
COSMIC(93) = 93, 11, 6, 3, 5, 4.
COSMIC(94) = 94, 10, 3, 5, 4.
COSMIC(95) = 95, 10, 3, 5, 4.
COSMIC(96) = 96, 9, 4.
COSMIC(97) = 97, 11, 6, 3, 5, 4.
COSMIC(98) = 98, 11, 6, 3, 5, 4.
COSMIC(99) = 99, 10, 3, 5, 4.
COSMIC(100) = 100, 10, 3, 5, 4.
COSMIC(101) = 101, 13, 8, 5, 4.
COSMIC(102) = 102, 13, 8, 5, 4.
COSMIC(103) = 103, 15, 7, 5, 4.
COSMIC(104) = 104, 14, 8, 5, 4.
COSMIC(105) = 105, 14, 8, 5, 4.
COSMIC(106) = 106, 13, 8, 5, 4.
COSMIC(107) = 107, 15, 7, 5, 4.
COSMIC(108) = 108, 15, 7, 5, 4.
COSMIC(109) = 109, 14, 8, 5, 4.
COSMIC(110) = 110, 13, 8, 5, 4.
COSMIC(111) = 111, 16, 7, 5, 4.
COSMIC(112) = 112, 16, 7, 5, 4.
COSMIC(113) = 113, 18, 8, 5, 4.
COSMIC(114) = 114, 18, 8, 5, 4.
COSMIC(115) = 115, 17, 9, 4.
COSMIC(116) = 116, 17, 9, 4.
COSMIC(117) = 117, 19, 8, 5, 4.
COSMIC(118) = 118, 18, 8, 5, 4.
COSMIC(119) = 119, 18, 8, 5, 4.
COSMIC(120) = 120, 16, 7, 5, 4.
COSMIC(121) = 121, 19, 8, 5, 4.
COSMIC(122) = 122, 19, 8, 5, 4.
COSMIC(123) = 123, 21, 9, 4.
COSMIC(124) = 124, 20, 6, 3, 5, 4.
COSMIC(125) = 125, 20, 6, 3, 5, 4.
COSMIC(126) = 126, 19, 8, 5, 4.
COSMIC(127) = 127, 21, 9, 4.
COSMIC(128) = 128, 21, 9, 4.
COSMIC(129) = 129, 20, 6, 3, 5, 4.
COSMIC(130) = 130, 16, 7, 5, 4.
COSMIC(131) = 131, 19, 8, 5, 4.
COSMIC(132) = 132, 19, 8, 5, 4.
COSMIC(133) = 133, 21, 9, 4.
COSMIC(134) = 134, 20, 6, 3, 5, 4.
COSMIC(135) = 135, 20, 6, 3, 5, 4.
COSMIC(136) = 136, 19, 8, 5, 4.
COSMIC(137) = 137, 21, 9, 4.
COSMIC(138) = 138, 21, 9, 4.
COSMIC(139) = 139, 20, 6, 3, 5, 4.
COSMIC(140) = 140, 15, 7, 5, 4.
COSMIC(141) = 141, 18, 8, 5, 4.
COSMIC(142) = 142, 18, 8, 5, 4.
COSMIC(143) = 143, 20, 6, 3, 5, 4.
COSMIC(144) = 144, 19, 8, 5, 4.
COSMIC(145) = 145, 19, 8, 5, 4.
COSMIC(146) = 146, 18, 8, 5, 4.
COSMIC(147) = 147, 20, 6, 3, 5, 4.
COSMIC(148) = 148, 20, 6, 3, 5, 4.
COSMIC(149) = 149, 19, 8, 5, 4.
COSMIC(150) = 150, 15, 7, 5, 4.
COSMIC(151) = 151, 18, 8, 5, 4.
COSMIC(152) = 152, 18, 8, 5, 4.
COSMIC(153) = 153, 20, 6, 3, 5, 4.
COSMIC(154) = 154, 19, 8, 5, 4.
COSMIC(155) = 155, 19, 8, 5, 4.
COSMIC(156) = 156, 18, 8, 5, 4.
COSMIC(157) = 157, 20, 6, 3, 5, 4.
COSMIC(158) = 158, 20, 6, 3, 5, 4.
COSMIC(159) = 159, 19, 8, 5, 4.
COSMIC(160) = 160, 15, 7, 5, 4.
COSMIC(161) = 161, 18, 8, 5, 4.
COSMIC(162) = 162, 18, 8, 5, 4.
COSMIC(163) = 163, 20, 6, 3, 5, 4.
COSMIC(164) = 164, 19, 8, 5, 4.
COSMIC(165) = 165, 19, 8, 5, 4.
COSMIC(166) = 166, 18, 8, 5, 4.
COSMIC(167) = 167, 20, 6, 3, 5, 4.
COSMIC(168) = 168, 20, 6, 3, 5, 4.
COSMIC(169) = 169, 19, 8, 5, 4.
COSMIC(170) = 170, 17, 9, 4.
COSMIC(171) = 171, 20, 6, 3, 5, 4.
COSMIC(172) = 172, 20, 6, 3, 5, 4.
COSMIC(173) = 173, 22, 9, 4.
COSMIC(174) = 174, 21, 9, 4.
COSMIC(175) = 175, 21, 9, 4.
COSMIC(176) = 176, 20, 6, 3, 5, 4.
COSMIC(177) = 177, 22, 9, 4.
COSMIC(178) = 178, 22, 9, 4.
COSMIC(179) = 179, 21, 9, 4.
COSMIC(180) = 180, 16, 7, 5, 4.
COSMIC(181) = 181, 19, 8, 5, 4.
COSMIC(182) = 182, 19, 8, 5, 4.
COSMIC(183) = 183, 21, 9, 4.
COSMIC(184) = 184, 20, 6, 3, 5, 4.
COSMIC(185) = 185, 20, 6, 3, 5, 4.
COSMIC(186) = 186, 19, 8, 5, 4.
COSMIC(187) = 187, 21, 9, 4.
COSMIC(188) = 188, 21, 9, 4.
COSMIC(189) = 189, 20, 6, 3, 5, 4.
COSMIC(190) = 190, 16, 7, 5, 4.
COSMIC(191) = 191, 19, 8, 5, 4.
COSMIC(192) = 192, 19, 8, 5, 4.
COSMIC(193) = 193, 21, 9, 4.
COSMIC(194) = 194, 20, 6, 3, 5, 4.
COSMIC(195) = 195, 20, 6, 3, 5, 4.
COSMIC(196) = 196, 19, 8, 5, 4.
COSMIC(197) = 197, 21, 9, 4.
COSMIC(198) = 198, 21, 9, 4.
COSMIC(199) = 199, 20, 6, 3, 5, 4.
COSMIC(200) = 200, 10, 3, 5, 4.
COSMIC(201) = 201, 13, 8, 5, 4.
COSMIC(202) = 202, 13, 8, 5, 4.
COSMIC(203) = 203, 15, 7, 5, 4.
COSMIC(204) = 204, 14, 8, 5, 4.
COSMIC(205) = 205, 14, 8, 5, 4.
COSMIC(206) = 206, 13, 8, 5, 4.
COSMIC(207) = 207, 15, 7, 5, 4.
COSMIC(208) = 208, 15, 7, 5, 4.
COSMIC(209) = 209, 14, 8, 5, 4.
COSMIC(210) = 210, 13, 8, 5, 4.
COSMIC(211) = 211, 16, 7, 5, 4.
COSMIC(212) = 212, 16, 7, 5, 4.
COSMIC(213) = 213, 18, 8, 5, 4.
COSMIC(214) = 214, 18, 8, 5, 4.
COSMIC(215) = 215, 17, 9, 4.
COSMIC(216) = 216, 17, 9, 4.
COSMIC(217) = 217, 19, 8, 5, 4.
COSMIC(218) = 218, 18, 8, 5, 4.
COSMIC(219) = 219, 18, 8, 5, 4.
COSMIC(220) = 220, 16, 7, 5, 4.
COSMIC(221) = 221, 19, 8, 5, 4.
COSMIC(222) = 222, 19, 8, 5, 4.
COSMIC(223) = 223, 21, 9, 4.
COSMIC(224) = 224, 20, 6, 3, 5, 4.
COSMIC(225) = 225, 20, 6, 3, 5, 4.
COSMIC(226) = 226, 19, 8, 5, 4.
COSMIC(227) = 227, 21, 9, 4.
COSMIC(228) = 228, 21, 9, 4.
COSMIC(229) = 229, 20, 6, 3, 5, 4.
COSMIC(230) = 230, 16, 7, 5, 4.
COSMIC(231) = 231, 19, 8, 5, 4.
COSMIC(232) = 232, 19, 8, 5, 4.
COSMIC(233) = 233, 21, 9, 4.
COSMIC(234) = 234, 20, 6, 3, 5, 4.
COSMIC(235) = 235, 20, 6, 3, 5, 4.
COSMIC(236) = 236, 19, 8, 5, 4.
COSMIC(237) = 237, 21, 9, 4.
COSMIC(238) = 238, 21, 9, 4.
COSMIC(239) = 239, 20, 6, 3, 5, 4.
COSMIC(240) = 240, 15, 7, 5, 4.
COSMIC(241) = 241, 18, 8, 5, 4.
COSMIC(242) = 242, 18, 8, 5, 4.
COSMIC(243) = 243, 20, 6, 3, 5, 4.
COSMIC(244) = 244, 19, 8, 5, 4.
COSMIC(245) = 245, 19, 8, 5, 4.
COSMIC(246) = 246, 18, 8, 5, 4.
COSMIC(247) = 247, 20, 6, 3, 5, 4.
COSMIC(248) = 248, 20, 6, 3, 5, 4.
COSMIC(249) = 249, 19, 8, 5, 4.
COSMIC(250) = 250, 15, 7, 5, 4.
COSMIC(251) = 251, 18, 8, 5, 4.
COSMIC(252) = 252, 18, 8, 5, 4.
COSMIC(253) = 253, 20, 6, 3, 5, 4.
COSMIC(254) = 254, 19, 8, 5, 4.
COSMIC(255) = 255, 19, 8, 5, 4.
COSMIC(256) = 256, 18, 8, 5, 4.
COSMIC(257) = 257, 20, 6, 3, 5, 4.
COSMIC(258) = 258, 20, 6, 3, 5, 4.
COSMIC(259) = 259, 19, 8, 5, 4.
COSMIC(260) = 260, 15, 7, 5, 4.
COSMIC(261) = 261, 18, 8, 5, 4.
COSMIC(262) = 262, 18, 8, 5, 4.
COSMIC(263) = 263, 20, 6, 3, 5, 4.
COSMIC(264) = 264, 19, 8, 5, 4.
COSMIC(265) = 265, 19, 8, 5, 4.
COSMIC(266) = 266, 18, 8, 5, 4.
COSMIC(267) = 267, 20, 6, 3, 5, 4.
COSMIC(268) = 268, 20, 6, 3, 5, 4.
COSMIC(269) = 269, 19, 8, 5, 4.
COSMIC(270) = 270, 17, 9, 4.
COSMIC(271) = 271, 20, 6, 3, 5, 4.
COSMIC(272) = 272, 20, 6, 3, 5, 4.
COSMIC(273) = 273, 22, 9, 4.
COSMIC(274) = 274, 21, 9, 4.
COSMIC(275) = 275, 21, 9, 4.
COSMIC(276) = 276, 20, 6, 3, 5, 4.
COSMIC(277) = 277, 22, 9, 4.
COSMIC(278) = 278, 22, 9, 4.
COSMIC(279) = 279, 21, 9, 4.
COSMIC(280) = 280, 16, 7, 5, 4.
COSMIC(281) = 281, 19, 8, 5, 4.
COSMIC(282) = 282, 19, 8, 5, 4.
COSMIC(283) = 283, 21, 9, 4.
COSMIC(284) = 284, 20, 6, 3, 5, 4.
COSMIC(285) = 285, 20, 6, 3, 5, 4.
COSMIC(286) = 286, 19, 8, 5, 4.
COSMIC(287) = 287, 21, 9, 4.
COSMIC(288) = 288, 21, 9, 4.
COSMIC(289) = 289, 20, 6, 3, 5, 4.
COSMIC(290) = 290, 16, 7, 5, 4.
COSMIC(291) = 291, 19, 8, 5, 4.
COSMIC(292) = 292, 19, 8, 5, 4.
COSMIC(293) = 293, 21, 9, 4.
COSMIC(294) = 294, 20, 6, 3, 5, 4.
COSMIC(295) = 295, 20, 6, 3, 5, 4.
COSMIC(296) = 296, 19, 8, 5, 4.
COSMIC(297) = 297, 21, 9, 4.
COSMIC(298) = 298, 21, 9, 4.
COSMIC(299) = 299, 20, 6, 3, 5, 4.
COSMIC(300) = 300, 12, 6, 3, 5, 4.
COSMIC(301) = 301, 15, 7, 5, 4.
COSMIC(302) = 302, 15, 7, 5, 4.
COSMIC(303) = 303, 17, 9, 4.
COSMIC(304) = 304, 16, 7, 5, 4.
COSMIC(305) = 305, 16, 7, 5, 4.
COSMIC(306) = 306, 15, 7, 5, 4.
COSMIC(307) = 307, 17, 9, 4.
COSMIC(308) = 308, 17, 9, 4.
COSMIC(309) = 309, 16, 7, 5, 4.
COSMIC(310) = 310, 15, 7, 5, 4.
COSMIC(311) = 311, 18, 8, 5, 4.
COSMIC(312) = 312, 18, 8, 5, 4.
COSMIC(313) = 313, 20, 6, 3, 5, 4.
COSMIC(314) = 314, 20, 6, 3, 5, 4.
COSMIC(315) = 315, 19, 8, 5, 4.
COSMIC(316) = 316, 19, 8, 5, 4.
COSMIC(317) = 317, 21, 9, 4.
COSMIC(318) = 318, 20, 6, 3, 5, 4.
COSMIC(319) = 319, 20, 6, 3, 5, 4.
COSMIC(320) = 320, 18, 8, 5, 4.
COSMIC(321) = 321, 21, 9, 4.
COSMIC(322) = 322, 21, 9, 4.
COSMIC(323) = 323, 23, 11, 6, 3, 5, 4.
COSMIC(324) = 324, 22, 9, 4.
COSMIC(325) = 325, 22, 9, 4.
COSMIC(326) = 326, 21, 9, 4.
COSMIC(327) = 327, 23, 11, 6, 3, 5, 4.
COSMIC(328) = 328, 23, 11, 6, 3, 5, 4.
COSMIC(329) = 329, 22, 9, 4.
COSMIC(330) = 330, 18, 8, 5, 4.
COSMIC(331) = 331, 21, 9, 4.
COSMIC(332) = 332, 21, 9, 4.
COSMIC(333) = 333, 23, 11, 6, 3, 5, 4.
COSMIC(334) = 334, 22, 9, 4.
COSMIC(335) = 335, 22, 9, 4.
COSMIC(336) = 336, 21, 9, 4.
COSMIC(337) = 337, 23, 11, 6, 3, 5, 4.
COSMIC(338) = 338, 23, 11, 6, 3, 5, 4.
COSMIC(339) = 339, 22, 9, 4.
COSMIC(340) = 340, 17, 9, 4.
COSMIC(341) = 341, 20, 6, 3, 5, 4.
COSMIC(342) = 342, 20, 6, 3, 5, 4.
COSMIC(343) = 343, 22, 9, 4.
COSMIC(344) = 344, 21, 9, 4.
COSMIC(345) = 345, 21, 9, 4.
COSMIC(346) = 346, 20, 6, 3, 5, 4.
COSMIC(347) = 347, 22, 9, 4.
COSMIC(348) = 348, 22, 9, 4.
COSMIC(349) = 349, 21, 9, 4.
COSMIC(350) = 350, 17, 9, 4.
COSMIC(351) = 351, 20, 6, 3, 5, 4.
COSMIC(352) = 352, 20, 6, 3, 5, 4.
COSMIC(353) = 353, 22, 9, 4.
COSMIC(354) = 354, 21, 9, 4.
COSMIC(355) = 355, 21, 9, 4.
COSMIC(356) = 356, 20, 6, 3, 5, 4.
COSMIC(357) = 357, 22, 9, 4.
COSMIC(358) = 358, 22, 9, 4.
COSMIC(359) = 359, 21, 9, 4.
COSMIC(360) = 360, 17, 9, 4.
COSMIC(361) = 361, 20, 6, 3, 5, 4.
COSMIC(362) = 362, 20, 6, 3, 5, 4.
COSMIC(363) = 363, 22, 9, 4.
COSMIC(364) = 364, 21, 9, 4.
COSMIC(365) = 365, 21, 9, 4.
COSMIC(366) = 366, 20, 6, 3, 5, 4.
COSMIC(367) = 367, 22, 9, 4.
COSMIC(368) = 368, 22, 9, 4.
COSMIC(369) = 369, 21, 9, 4.
COSMIC(370) = 370, 19, 8, 5, 4.
COSMIC(371) = 371, 22, 9, 4.
COSMIC(372) = 372, 22, 9, 4.
COSMIC(373) = 373, 24, 10, 3, 5, 4.
COSMIC(374) = 374, 23, 11, 6, 3, 5, 4.
COSMIC(375) = 375, 23, 11, 6, 3, 5, 4.
COSMIC(376) = 376, 22, 9, 4.
COSMIC(377) = 377, 24, 10, 3, 5, 4.
COSMIC(378) = 378, 24, 10, 3, 5, 4.
COSMIC(379) = 379, 23, 11, 6, 3, 5, 4.
COSMIC(380) = 380, 18, 8, 5, 4.
COSMIC(381) = 381, 21, 9, 4.
COSMIC(382) = 382, 21, 9, 4.
COSMIC(383) = 383, 23, 11, 6, 3, 5, 4.
COSMIC(384) = 384, 22, 9, 4.
COSMIC(385) = 385, 22, 9, 4.
COSMIC(386) = 386, 21, 9, 4.
COSMIC(387) = 387, 23, 11, 6, 3, 5, 4.
COSMIC(388) = 388, 23, 11, 6, 3, 5, 4.
COSMIC(389) = 389, 22, 9, 4.
COSMIC(390) = 390, 18, 8, 5, 4.
COSMIC(391) = 391, 21, 9, 4.
COSMIC(392) = 392, 21, 9, 4.
COSMIC(393) = 393, 23, 11, 6, 3, 5, 4.
COSMIC(394) = 394, 22, 9, 4.
COSMIC(395) = 395, 22, 9, 4.
COSMIC(396) = 396, 21, 9, 4.
COSMIC(397) = 397, 23, 11, 6, 3, 5, 4.
COSMIC(398) = 398, 23, 11, 6, 3, 5, 4.
COSMIC(399) = 399, 22, 9, 4.
COSMIC(400) = 400, 11, 6, 3, 5, 4.
COSMIC(401) = 401, 14, 8, 5, 4.
COSMIC(402) = 402, 14, 8, 5, 4.
COSMIC(403) = 403, 16, 7, 5, 4.
COSMIC(404) = 404, 15, 7, 5, 4.
COSMIC(405) = 405, 15, 7, 5, 4.
COSMIC(406) = 406, 14, 8, 5, 4.
COSMIC(407) = 407, 16, 7, 5, 4.
COSMIC(408) = 408, 16, 7, 5, 4.
COSMIC(409) = 409, 15, 7, 5, 4.
COSMIC(410) = 410, 14, 8, 5, 4.
COSMIC(411) = 411, 17, 9, 4.
COSMIC(412) = 412, 17, 9, 4.
COSMIC(413) = 413, 19, 8, 5, 4.
COSMIC(414) = 414, 19, 8, 5, 4.
COSMIC(415) = 415, 18, 8, 5, 4.
COSMIC(416) = 416, 18, 8, 5, 4.
COSMIC(417) = 417, 20, 6, 3, 5, 4.
COSMIC(418) = 418, 19, 8, 5, 4.
COSMIC(419) = 419, 19, 8, 5, 4.
COSMIC(420) = 420, 17, 9, 4.
COSMIC(421) = 421, 20, 6, 3, 5, 4.
COSMIC(422) = 422, 20, 6, 3, 5, 4.
COSMIC(423) = 423, 22, 9, 4.
COSMIC(424) = 424, 21, 9, 4.
COSMIC(425) = 425, 21, 9, 4.
COSMIC(426) = 426, 20, 6, 3, 5, 4.
COSMIC(427) = 427, 22, 9, 4.
COSMIC(428) = 428, 22, 9, 4.
COSMIC(429) = 429, 21, 9, 4.
COSMIC(430) = 430, 17, 9, 4.
COSMIC(431) = 431, 20, 6, 3, 5, 4.
COSMIC(432) = 432, 20, 6, 3, 5, 4.
COSMIC(433) = 433, 22, 9, 4.
COSMIC(434) = 434, 21, 9, 4.
COSMIC(435) = 435, 21, 9, 4.
COSMIC(436) = 436, 20, 6, 3, 5, 4.
COSMIC(437) = 437, 22, 9, 4.
COSMIC(438) = 438, 22, 9, 4.
COSMIC(439) = 439, 21, 9, 4.
COSMIC(440) = 440, 16, 7, 5, 4.
COSMIC(441) = 441, 19, 8, 5, 4.
COSMIC(442) = 442, 19, 8, 5, 4.
COSMIC(443) = 443, 21, 9, 4.
COSMIC(444) = 444, 20, 6, 3, 5, 4.
COSMIC(445) = 445, 20, 6, 3, 5, 4.
COSMIC(446) = 446, 19, 8, 5, 4.
COSMIC(447) = 447, 21, 9, 4.
COSMIC(448) = 448, 21, 9, 4.
COSMIC(449) = 449, 20, 6, 3, 5, 4.
COSMIC(450) = 450, 16, 7, 5, 4.
COSMIC(451) = 451, 19, 8, 5, 4.
COSMIC(452) = 452, 19, 8, 5, 4.
COSMIC(453) = 453, 21, 9, 4.
COSMIC(454) = 454, 20, 6, 3, 5, 4.
COSMIC(455) = 455, 20, 6, 3, 5, 4.
COSMIC(456) = 456, 19, 8, 5, 4.
COSMIC(457) = 457, 21, 9, 4.
COSMIC(458) = 458, 21, 9, 4.
COSMIC(459) = 459, 20, 6, 3, 5, 4.
COSMIC(460) = 460, 16, 7, 5, 4.
COSMIC(461) = 461, 19, 8, 5, 4.
COSMIC(462) = 462, 19, 8, 5, 4.
COSMIC(463) = 463, 21, 9, 4.
COSMIC(464) = 464, 20, 6, 3, 5, 4.
COSMIC(465) = 465, 20, 6, 3, 5, 4.
COSMIC(466) = 466, 19, 8, 5, 4.
COSMIC(467) = 467, 21, 9, 4.
COSMIC(468) = 468, 21, 9, 4.
COSMIC(469) = 469, 20, 6, 3, 5, 4.
COSMIC(470) = 470, 18, 8, 5, 4.
COSMIC(471) = 471, 21, 9, 4.
COSMIC(472) = 472, 21, 9, 4.
COSMIC(473) = 473, 23, 11, 6, 3, 5, 4.
COSMIC(474) = 474, 22, 9, 4.
COSMIC(475) = 475, 22, 9, 4.
COSMIC(476) = 476, 21, 9, 4.
COSMIC(477) = 477, 23, 11, 6, 3, 5, 4.
COSMIC(478) = 478, 23, 11, 6, 3, 5, 4.
COSMIC(479) = 479, 22, 9, 4.
COSMIC(480) = 480, 17, 9, 4.
COSMIC(481) = 481, 20, 6, 3, 5, 4.
COSMIC(482) = 482, 20, 6, 3, 5, 4.
COSMIC(483) = 483, 22, 9, 4.
COSMIC(484) = 484, 21, 9, 4.
COSMIC(485) = 485, 21, 9, 4.
COSMIC(486) = 486, 20, 6, 3, 5, 4.
COSMIC(487) = 487, 22, 9, 4.
COSMIC(488) = 488, 22, 9, 4.
COSMIC(489) = 489, 21, 9, 4.
COSMIC(490) = 490, 17, 9, 4.
COSMIC(491) = 491, 20, 6, 3, 5, 4.
COSMIC(492) = 492, 20, 6, 3, 5, 4.
COSMIC(493) = 493, 22, 9, 4.
COSMIC(494) = 494, 21, 9, 4.
COSMIC(495) = 495, 21, 9, 4.
COSMIC(496) = 496, 20, 6, 3, 5, 4.
COSMIC(497) = 497, 22, 9, 4.
COSMIC(498) = 498, 22, 9, 4.
COSMIC(499) = 499, 21, 9, 4.
COSMIC(500) = 500, 11, 6, 3, 5, 4.
